[gd_scene load_steps=8 format=2]

[ext_resource path="res://game-assets/player-tools/metal-detector/MetalDetector.gd" type="Script" id=1]
[ext_resource path="res://game-assets/player-tools/metal-detector/metal-detector-sound2.wav" type="AudioStream" id=2]

[sub_resource type="CylinderMesh" id=1]
top_radius = 0.01
bottom_radius = 0.02
height = 1.5
radial_segments = 32

[sub_resource type="CylinderMesh" id=2]
top_radius = 0.2
bottom_radius = 0.2
height = 0.05

[sub_resource type="SphereShape" id=3]
radius = 2.0

[sub_resource type="PrismMesh" id=4]
size = Vector3( 0.051, 0.078, 0.018 )

[sub_resource type="SpatialMaterial" id=5]
albedo_color = Color( 1, 0.521569, 0.423529, 1 )

[node name="MetalDetector" type="Spatial"]
script = ExtResource( 1 )

[node name="Shaft" type="MeshInstance" parent="."]
transform = Transform( 1, 0, 0, 0, 1, 0, 0, 0, 1, 0, -0.7, 0 )
mesh = SubResource( 1 )
material/0 = null

[node name="Detector" type="MeshInstance" parent="Shaft"]
transform = Transform( 1, 0, 0, 0, 0.707107, 0.707107, 0, -0.707107, 0.707107, 0, -0.782287, 0 )
mesh = SubResource( 2 )
material/0 = null

[node name="Area" type="Area" parent="Shaft/Detector"]
collision_layer = 0
collision_mask = 2
input_ray_pickable = false
monitorable = false

[node name="CollisionShape" type="CollisionShape" parent="Shaft/Detector/Area"]
transform = Transform( 1, 0, 0, 0, 1, 0, 0, 0, 1, 0, 0.00117326, 5.96046e-07 )
shape = SubResource( 3 )

[node name="Arrow" type="Spatial" parent="Shaft/Detector"]
transform = Transform( 1, 0, 0, 0, 0.707107, -0.707107, 0, 0.707107, 0.707107, 0, 0, 0 )

[node name="ArrowMesh" type="MeshInstance" parent="Shaft/Detector/Arrow"]
transform = Transform( -1, 1.50996e-07, 0, -1.0677e-07, -0.707107, -0.707107, -1.0677e-07, -0.707107, 0.707107, 8.57197e-09, -0.0283817, -0.0710904 )
mesh = SubResource( 4 )
skeleton = NodePath("../../../..")
material/0 = SubResource( 5 )

[node name="Tween" type="Tween" parent="."]

[node name="AudioStreamPlayer" type="AudioStreamPlayer" parent="."]
stream = ExtResource( 2 )
bus = "SFX"

[connection signal="area_entered" from="Shaft/Detector/Area" to="." method="_on_Area_area_entered"]
[connection signal="area_exited" from="Shaft/Detector/Area" to="." method="_on_Area_area_exited"]
